1756068555226 0.2634379213733703 0
1756068568029 0.20652823788779123 1
1756068580827 0.19927451693863601 2
1756068593524 0.1940090076060769 3
1756068606759 0.18613048440180952 4
1756068619547 0.1820144292453061 5
1756068632648 0.17480119304812472 6
1756068645803 0.17061131220796835 7
1756068657622 0.16532974242238524 8
1756068669150 0.16069526634416226 9
1756068680432 0.15623105134097687 10
1756068691638 0.1515111426065057 11
1756068702880 0.14669490003067515 12
1756068714106 0.13529320043621595 13
1756068725456 0.13314980715976 14
1756068736661 0.13224001552284875 15
1756068747864 0.13102303747064578 16
1756068759271 0.1295704582416863 17
1756068770491 0.12858612062583058 18
1756068782499 0.1254360863649697 19
1756068794035 0.12505250190448317 20
1756068807903 0.12472235864919165 21
1756068820383 0.12438547713971286 22
1756068832788 0.12377157478784181 23
1756068845101 0.12367112096514761 24
1756068857355 0.12326656451321537 25
1756068869797 0.1235284732411737 26
1756068882763 0.12414543787885156 27
1756068895282 0.12283367494248455 28
1756068907578 0.12314178102320025 29
1756068919748 0.12275048238427742 30
1756068932491 0.12274014325985998 31
1756068946466 0.1228166749805027 32
1756068959051 0.12276144648745933 33
1756068971462 0.12294042552387492 34
1756068983693 0.1229890699758663 35
1756068995868 0.12254522231332264 36
1756069008613 0.12336777351935457 37
1756069021436 0.12231650557484686 38
1756069034509 0.12187864513871093 39
