1756070067935 0.2615031946612441 0
1756070080507 0.21114752660997166 1
1756070092773 0.19946692410092917 2
1756070105337 0.194093171613557 3
1756070117340 0.18978883983185574 4
1756070128281 0.18522588715234897 5
1756070139289 0.17803804184894384 6
1756070150355 0.17027034042229564 7
1756070161422 0.16453792362109473 8
1756070172359 0.1591798374834268 9
1756070183903 0.151557489970456 10
1756070195050 0.15063531121574575 11
1756070206082 0.144246038757496 12
1756070217206 0.13920456644448434 13
1756070228274 0.13585611782644105 14
1756070241542 0.12577087088771488 15
1756070254400 0.1234444448157497 16
1756070266972 0.12193111045205075 17
1756070279609 0.12093319242692882 18
1756070291955 0.1201094269521118 19
1756070304239 0.11897060462962027 20
1756070316882 0.11688918393591176 21
1756070329913 0.11586887185340343 22
1756070342548 0.11613154591333051 23
1756070355661 0.11529133773831107 24
1756070367875 0.11541622437027671 25
1756070380592 0.11514388230739173 26
1756070394313 0.11418401572552526 27
1756070408061 0.11461125089329963 28
1756070420788 0.11479314275502418 29
1756070433911 0.1140243437395703 30
1756070446916 0.11415163194355757 31
1756070460264 0.11382968707577042 32
1756070474987 0.11382623035345019 33
1756070487441 0.11420754017944662 34
1756070499365 0.11391266146616906 35
1756070511981 0.11380041821958116 36
1756070526782 0.11443808684530465 37
1756070539508 0.11407378349244965 38
1756070550583 0.11446107490832762 39
1756070561791 0.1141535016320507 40
1756070575702 0.11430246633772524 41
1756070589965 0.11442593328238274 42
1756070602646 0.11415218227768537 43
1756070614864 0.11412795927398693 44
1756070626355 0.11419027115432372 45
1756070638557 0.11394674153246495 46
1756070650445 0.11413188763656971 47
1756070663093 0.11407164560619348 48
1756070675072 0.11400908127612208 49
1756070067935 0.2615031946612441 0
