1756060807226 2.029196331427954 0
1756060852014 1.9456010034157374 1
1756060896191 1.8795704041350851 2
1756060937622 1.7929176806075326 3
1756060979039 1.6730974803063863 4
1756061024951 1.6546291099617407 5
1756061072706 1.5293359977289163 6
1756061118673 1.6076422337037939 7
1756061159597 1.5583760808105256 8
1756061201036 1.58883090338003 9
1756061243639 1.5599750230571354 10
1756061284023 1.542169385135672 11
1756061324088 1.4835323096981952 12
1756061364303 1.5556743878840071 13
1756061403683 1.549830454803775 14
1756061442969 1.4793914747437396 15
1756061481935 1.4460731098910893 16
1756061520679 1.4743401702067978 17
1756061559325 1.4607881395597644 18
1756061599168 1.4058632216413705 19
1756061638419 1.4205390058852172 20
1756061677926 1.4073031826935771 21
1756061717650 1.3524984767177974 22
1756061756484 1.304656877159076 23
1756061795414 1.3458033909704692 24
1756061834072 1.3089796024112648 25
1756061872703 1.285858486107133 26
1756061911463 1.356627705369487 27
1756061950716 1.2621073789251216 28
1756061990004 1.2509061921605824 29
1756062028467 1.1182509583517037 30
1756062067920 2.454584587168229 31
1756062108170 2.203775398412455 32
1756062147924 2.146637972848993 33
1756062189734 2.07813614739681 34
1756062235824 2.0654874185001617 35
1756062275638 2.002566069613592 36
1756062317482 1.7999344381781341 37
