1756065072715 2.8359264194797933 0
1756065091377 2.2859498626144417 1
1756065106640 2.689913505562738 2
1756065121151 2.935444680576244 3
1756065135608 2.4082215410772334 4
1756065150385 2.416878980950693 5
1756065165325 2.398530429919784 6
1756065180351 2.119424540172802 7
1756065195802 2.2653444687720765 8
1756065210909 2.2817393855892876 9
1756065226990 2.0128379420617994 10
1756065244307 2.1444585859942973 11
1756065259793 2.116983770445157 12
1756065274124 2.1682062469883245 13
1756065289452 2.2093290366504466 14
1756065305423 2.2632998134836217 15
1756065321709 1.7829612314889438 16
1756065337514 2.15422999481095 17
1756065351828 1.9333753676436256 18
1756065365639 2.024127067171372 19
1756065072715 2.8359264194797933 0
