1756060050566 2.051057049656977 0
1756060063396 1.9689241142990197 1
1756060077678 1.9048195733665423 2
1756060092200 1.923290716738422 3
1756060105730 1.8424324318559058 4
1756060118766 1.8686611569359441 5
1756060132031 1.8016577369655407 6
1756060145089 1.7840701313403988 7
1756060159055 1.7261041568846425 8
1756060172500 1.6849106116879284 9
1756060185778 1.627921611983796 10
1756060199369 1.599415844031363 11
1756060212761 1.6109808221832955 12
1756060227330 1.557589350138534 13
1756060242275 1.5522076216912868 14
1756060255516 1.6097757761524913 15
1756060268308 1.524111967232898 16
1756060280879 1.5213485321958748 17
1756060293484 1.5059767470054308 18
1756060306191 1.532822101063051 19
1756060318973 1.470490777558935 20
1756060331657 1.5155365423903824 21
1756060345098 1.5328034736983955 22
1756060358125 1.4668764188097048 23
1756060371775 1.4829194600535633 24
1756060384543 1.4666998037720789 25
1756060398150 1.4490260455269668 26
1756060411273 1.4215329943593167 27
1756060424848 1.418851114747252 28
1756060438498 1.373366237350825 29
1756060451720 1.3759545725368192 30
1756060465300 1.34512842448641 31
1756060478231 1.3159824161476412 32
1756060494681 1.3092484876804034 33
1756060509120 1.2565964990007512 34
1756060050566 2.051057049656977 0
