1756073620078 0.6888478121006163 0
1756073667720 0.4381383559839897 1
1756073713924 0.3463977498392905 2
1756073756441 0.31034871958029775 3
1756073801593 0.2779570929613658 4
1756073843099 0.2526333817920969 5
1756073885241 0.23734484025029923 6
1756073928079 0.2261969315502839 7
1756073970441 0.2183383845218062 8
1756074013664 0.21225018333412576 9
1756074058592 0.20584983739160723 10
1756074102991 0.2002355102495875 11
1756074146703 0.1932210446365418 12
1756074192772 0.18900569703975328 13
1756074238744 0.18588375695807763 14
1756074283674 0.18341171297778563 15
1756074326098 0.17962834579181433 16
1756074367725 0.17655160109842977 17
1756074412144 0.17298493066585388 18
1756074460081 0.17052738623642744 19
1756073620078 0.6888478121006163 0
