1756072031157 0.20101065180789005 0
1756072036559 0.02816681070692338 1
1756072041839 0.018008551252982754 2
1756072047125 0.014300181474952633 3
1756072052452 0.01229628505041966 4
1756072057627 0.011116040334401295 5
1756072062971 0.010291327492428698 6
1756072068803 0.009679697345359893 7
1756072074586 0.00915746606433436 8
1756072080885 0.008767046458399843 9
1756072086858 0.00844894325887558 10
1756072092638 0.008127089004002271 11
1756072098682 0.007916074470332627 12
1756072104731 0.007700508339076347 13
1756072110903 0.007489168774983649 14
1756072116397 0.007350729367055609 15
1756072121949 0.007121210001529225 16
1756072128638 0.007018579255613885 17
1756072135694 0.006895562771374993 18
1756072142362 0.006723923040161062 19
