1756094740478 0.5981396782043258 0
1756094958132 0.3309354737364033 1
1756095157222 0.2624493925358462 2
1756095356346 0.21513650002461804 3
1756095556119 0.19539883167069247 4
1756095762517 0.17847747638562772 5
1756095962922 0.16911217564758532 6
1756096179222 0.15734804159136623 7
1756096377782 0.1487468496038955 8
1756096574998 0.14047407645445603 9
1756096782616 0.1329979338583816 10
1756097018272 0.12838962082531552 11
1756097241025 0.12007222805292375 12
1756097432008 0.1144318071288743 13
1756097608720 0.10909946614104524 14
1756097819636 0.11108674818913339 15
1756098019140 0.09969190378712661 16
1756098225419 0.0960610868136581 17
1756098433386 0.09767058144136338 18
1756098630506 0.09392120668817099 19
1756098839296 0.09280957300077301 20
1756099012955 0.08661313941032064 21
1756099178494 0.08180491608699261 22
1756099343858 0.08496889806636805 23
1756099507861 0.07943443708103289 24
1756099672547 0.07550145363985161 25
1756099835349 0.10384001091085651 26
1756099998641 0.08189664574954705 27
1756100164477 0.07249956970881884 28
1756100329169 0.07169681830012768 29
1756094740478 0.5981396782043258 0
